245922798 | 348.025880 | -12.086726 | 344.269705 |  -6.396964 |  2 | 1 | 3 | 1939.917 |   81.718
245923096 | 348.071870 | -12.069157 | 344.318267 |  -6.398409 |  2 | 1 | 3 | 1931.459 |   81.994
245923200 | 347.968900 | -12.062337 | 344.227722 |  -6.352708 |  2 | 1 | 3 | 1947.165 |   73.606
245923374 | 348.029420 | -12.051049 | 344.286966 |  -6.365491 |  2 | 1 | 3 | 1936.861 |   75.960
245923832 | 347.955750 | -12.021306 | 344.231973 |  -6.309917 |  2 | 1 | 3 | 1946.360 |   65.768
245924338 | 348.087130 | -11.994261 | 344.361598 |  -6.335340 |  2 | 1 | 3 | 1923.806 |   70.456
245924453 | 348.161100 | -11.988667 | 344.430788 |  -6.358532 |  2 | 1 | 3 | 1911.786 |   74.720
245924572 | 348.153440 | -11.982914 | 344.426119 |  -6.350304 |  2 | 1 | 3 | 1912.586 |   73.212
245924577 | 348.021330 | -11.982769 | 344.306537 |  -6.299564 |  2 | 1 | 3 | 1933.346 |   63.888
245924621 | 347.953370 | -11.980719 | 344.245799 |  -6.271656 |  2 | 1 | 3 | 1943.893 |   58.759
245924999 | 348.109070 | -11.962219 | 344.394092 |  -6.314262 |  2 | 1 | 3 | 1918.107 |   66.602
245925092 | 348.156800 | -11.957374 | 344.439227 |  -6.328092 |  2 | 1 | 3 | 1910.262 |   69.146
245925137 | 348.196700 | -11.955144 | 344.476241 |  -6.341331 |  2 | 1 | 3 | 1903.833 |   71.580
245925194 | 347.938700 | -11.952091 | 344.243783 |  -6.239695 |  2 | 1 | 3 | 1944.196 |   52.898
245925406 | 348.304020 | -11.942684 | 344.578350 |  -6.371010 |  2 | 1 | 3 | 1886.091 |   77.040
245925487 | 348.133820 | -11.938054 | 344.426028 |  -6.301510 |  2 | 1 | 3 | 1912.517 |   64.273
245925567 | 348.232270 | -11.933897 | 344.516832 |  -6.335417 |  2 | 1 | 3 | 1896.747 |   70.506
245925582 | 347.998200 | -11.933554 | 344.304970 |  -6.245419 |  2 | 1 | 3 | 1933.534 |   53.961
245925615 | 348.286900 | -11.932072 | 344.567029 |  -6.354682 |  2 | 1 | 3 | 1888.032 |   74.047
245925841 | 347.870730 | -11.920396 | 344.194696 |  -6.184509 |  2 | 1 | 3 | 1952.678 |   42.761
245925902 | 348.320650 | -11.917604 | 344.603302 |  -6.354314 |  2 | 1 | 3 | 1881.708 |   73.988
245925909 | 348.000300 | -11.917110 | 344.313346 |  -6.231091 |  2 | 1 | 3 | 1932.050 |   51.335
245925916 | 347.896600 | -11.916607 | 344.219619 |  -6.190924 |  2 | 1 | 3 | 1948.339 |   43.944
245926035 | 347.945250 | -11.910676 | 344.266018 |  -6.204090 |  2 | 1 | 3 | 1940.264 |   46.371
245926090 | 348.237500 | -11.908195 | 344.531700 |  -6.313775 |  2 | 1 | 3 | 1894.114 |   66.545
245926174 | 348.066620 | -11.904591 | 344.378346 |  -6.244973 |  2 | 1 | 3 | 1920.735 |   53.896
245926206 | 348.178400 | -11.902596 | 344.480377 |  -6.285969 |  2 | 1 | 3 | 1903.012 |   61.436
245926246 | 348.045650 | -11.900209 | 344.361077 |  -6.232908 |  2 | 1 | 3 | 1923.727 |   51.679
245926259 | 348.158970 | -11.899261 | 344.464092 |  -6.275454 |  2 | 1 | 3 | 1905.833 |   59.505
245926296 | 347.910550 | -11.897635 | 344.239720 |  -6.178804 |  2 | 1 | 3 | 1944.814 |   41.724
245926308 | 347.949220 | -11.896714 | 344.275109 |  -6.192762 |  2 | 1 | 3 | 1938.660 |   44.294
245926318 | 348.158630 | -11.896377 | 344.464921 |  -6.272670 |  2 | 1 | 3 | 1905.684 |   58.995
245926489 | 348.058620 | -11.887722 | 344.377743 |  -6.226386 |  2 | 1 | 3 | 1920.809 |   50.486
245926498 | 347.898070 | -11.887552 | 344.232383 |  -6.164747 |  2 | 1 | 3 | 1946.073 |   39.142
245926592 | 348.240100 | -11.882698 | 344.544106 |  -6.291313 |  2 | 1 | 3 | 1891.908 |   62.431
245926600 | 347.874480 | -11.882302 | 344.213081 |  -6.150885 |  2 | 1 | 3 | 1949.421 |   36.592
245927125 | 348.395720 | -11.858483 | 344.694617 |  -6.328720 |  2 | 1 | 3 | 1865.735 |   69.321
245927185 | 347.817350 | -11.856090 | 344.171640 |  -6.104896 |  2 | 1 | 3 | 1956.588 |   28.135
245927215 | 348.248870 | -11.854553 | 344.563143 |  -6.268780 |  2 | 1 | 3 | 1888.545 |   58.304
245927226 | 348.266020 | -11.854275 | 344.578788 |  -6.275101 |  2 | 1 | 3 | 1885.828 |   59.466
245927251 | 347.867860 | -11.852871 | 344.218662 |  -6.121265 |  2 | 1 | 3 | 1948.403 |   31.153
245927318 | 348.096250 | -11.849437 | 344.426906 |  -6.205574 |  2 | 1 | 3 | 1912.196 |   46.678
245927416 | 348.011930 | -11.844596 | 344.352429 |  -6.168816 |  2 | 1 | 3 | 1925.130 |   39.915
245927769 | 347.944270 | -11.825884 | 344.298499 |  -6.125683 |  2 | 1 | 3 | 1934.473 |   31.981
245927911 | 348.351700 | -11.819374 | 344.670163 |  -6.275853 |  2 | 1 | 3 | 1869.890 |   59.625
245927930 | 348.333700 | -11.818319 | 344.654273 |  -6.267977 |  2 | 1 | 3 | 1872.646 |   58.177
245927973 | 347.928900 | -11.816757 | 344.288166 |  -6.111398 |  2 | 1 | 3 | 1936.255 |   29.354
245928149 | 348.495730 | -11.808779 | 344.804823 |  -6.321377 |  2 | 1 | 3 | 1846.499 |   68.001
245928182 | 347.962900 | -11.806824 | 344.322877 |  -6.115277 |  2 | 1 | 3 | 1930.201 |   30.075
245928184 | 347.789950 | -11.806722 | 344.166229 |  -6.048972 |  2 | 1 | 3 | 1957.454 |   17.853
245928235 | 348.199160 | -11.804300 | 344.537913 |  -6.203484 |  2 | 1 | 3 | 1892.822 |   46.319
245928353 | 347.787960 | -11.798380 | 344.167706 |  -6.040532 |  2 | 1 | 3 | 1957.184 |   16.301
245928385 | 348.417660 | -11.797010 | 344.738738 |  -6.280586 |  2 | 1 | 3 | 1857.937 |   60.508
245928441 | 348.138950 | -11.794328 | 344.487293 |  -6.171228 |  2 | 1 | 3 | 1901.596 |   40.387
245928468 | 348.098700 | -11.793222 | 344.451263 |  -6.154785 |  2 | 1 | 3 | 1907.856 |   37.360
245928768 | 348.377960 | -11.777948 | 344.710288 |  -6.247816 |  2 | 1 | 3 | 1862.831 |   54.492
245928811 | 348.209440 | -11.775735 | 344.558480 |  -6.181143 |  2 | 1 | 3 | 1889.190 |   42.223
245929111 | 347.830600 | -11.761767 | 344.220733 |  -6.023154 |  2 | 1 | 3 | 1947.896 |   13.115
245929136 | 347.944150 | -11.760391 | 344.324158 |  -6.065364 |  2 | 1 | 3 | 1929.897 |   20.900
245929207 | 348.315300 | -11.756657 | 344.661910 |  -6.204188 |  2 | 1 | 3 | 1871.182 |   46.475
245929348 | 348.407600 | -11.749342 | 344.748422 |  -6.232873 |  2 | 1 | 3 | 1856.144 |   51.758
245929396 | 348.412900 | -11.746193 | 344.754466 |  -6.232010 |  2 | 1 | 3 | 1855.087 |   51.601
245929533 | 347.948900 | -11.739845 | 344.336545 |  -6.048274 |  2 | 1 | 3 | 1927.705 |   17.760
245929889 | 348.224120 | -11.722362 | 344.592806 |  -6.137663 |  2 | 1 | 3 | 1883.112 |   34.244
245929897 | 348.076630 | -11.721809 | 344.459380 |  -6.080612 |  2 | 1 | 3 | 1906.305 |   23.732
245929941 | 347.934080 | -11.719939 | 344.330946 |  -6.024278 |  2 | 1 | 3 | 1928.644 |   13.345
245929949 | 348.075780 | -11.719531 | 344.459506 |  -6.078190 |  2 | 1 | 3 | 1906.279 |   23.287
245929965 | 347.789640 | -11.718975 | 344.200440 |  -5.968089 |  2 | 1 | 3 | 1951.361 |    2.976
245930077 | 348.431760 | -11.713218 | 344.784557 |  -6.208913 |  2 | 1 | 3 | 1849.784 |   47.369
245930102 | 347.860660 | -11.711945 | 344.267560 |  -5.988806 |  2 | 1 | 3 | 1939.663 |    6.804
245930109 | 348.157070 | -11.711623 | 344.536280 |  -6.102072 |  2 | 1 | 3 | 1892.914 |   27.693
245930186 | 348.042900 | -11.707932 | 344.434277 |  -6.054917 |  2 | 1 | 3 | 1910.644 |   19.002
245930222 | 348.164700 | -11.705860 | 344.545463 |  -6.099695 |  2 | 1 | 3 | 1891.306 |   27.257
245930282 | 348.571320 | -11.702937 | 344.915072 |  -6.253039 |  2 | 1 | 3 | 1827.103 |   55.495
245930321 | 348.161800 | -11.700896 | 344.544790 |  -6.094015 |  2 | 1 | 3 | 1891.413 |   26.213
245930322 | 348.520450 | -11.700859 | 344.869796 |  -6.231592 |  2 | 1 | 3 | 1834.955 |   51.550
245930436 | 348.188700 | -11.695522 | 344.571282 |  -6.099384 |  2 | 1 | 3 | 1886.796 |   27.206
245930450 | 348.187680 | -11.694861 | 344.570618 |  -6.098385 |  2 | 1 | 3 | 1886.910 |   27.022
245930635 | 348.156770 | -11.685325 | 344.546362 |  -6.077759 |  2 | 1 | 3 | 1891.107 |   23.225
245930702 | 348.653840 | -11.681448 | 344.998329 |  -6.264972 |  2 | 1 | 3 | 1812.600 |   57.702
245930721 | 348.299350 | -11.680846 | 344.677332 |  -6.128319 |  2 | 1 | 3 | 1868.332 |   32.545
245930767 | 348.229370 | -11.678896 | 344.614684 |  -6.099682 |  2 | 1 | 3 | 1879.216 |   27.269
245930796 | 348.140750 | -11.677654 | 344.534865 |  -6.064558 |  2 | 1 | 3 | 1893.090 |   20.795
245930808 | 348.459900 | -11.677093 | 344.824301 |  -6.186481 |  2 | 1 | 3 | 1842.794 |   43.259
245930931 | 348.229900 | -11.670294 | 344.618553 |  -6.091971 |  2 | 1 | 3 | 1878.524 |   25.852
245930965 | 348.410030 | -11.669062 | 344.782275 |  -6.159949 |  2 | 1 | 3 | 1850.073 |   38.378
245930966 | 348.423550 | -11.668982 | 344.794558 |  -6.165065 |  2 | 1 | 3 | 1847.939 |   39.320
245930999 | 348.033540 | -11.667118 | 344.441855 |  -6.013770 |  2 | 1 | 3 | 1909.247 |   11.434
245931062 | 348.315730 | -11.664197 | 344.698736 |  -6.119285 |  2 | 1 | 3 | 1864.575 |   30.890
245931065 | 348.268100 | -11.663891 | 344.655692 |  -6.100731 |  2 | 1 | 3 | 1872.055 |   27.470
245931110 | 348.495500 | -11.661499 | 344.862711 |  -6.185804 |  2 | 1 | 3 | 1836.085 |   43.143
245931121 | 348.317720 | -11.660968 | 344.701811 |  -6.117078 |  2 | 1 | 3 | 1864.033 |   30.484
245931241 | 348.314540 | -11.653812 | 344.701749 |  -6.109274 |  2 | 1 | 3 | 1864.027 |   29.050
245931346 | 348.419100 | -11.648892 | 344.798445 |  -6.144874 |  2 | 1 | 3 | 1847.215 |   35.612
245931391 | 348.405980 | -11.646281 | 344.787585 |  -6.137436 |  2 | 1 | 3 | 1849.095 |   34.243
245931711 | 348.516780 | -11.629405 | 344.894653 |  -6.164451 |  2 | 1 | 3 | 1830.457 |   39.228
245931836 | 348.602700 | -11.623472 | 344.974862 |  -6.191996 |  2 | 1 | 3 | 1816.515 |   44.304
245931927 | 348.175840 | -11.619075 | 344.589727 |  -6.024109 |  2 | 1 | 3 | 1883.425 |   13.365
245931953 | 348.737600 | -11.618040 | 345.099265 |  -6.238840 |  2 | 1 | 3 | 1794.909 |   52.929
245931975 | 348.209050 | -11.617219 | 344.620557 |  -6.035138 |  2 | 1 | 3 | 1878.059 |   15.400
245931981 | 348.647370 | -11.617039 | 345.017884 |  -6.203241 |  2 | 1 | 3 | 1809.029 |   46.377
245932122 | 348.183100 | -11.609732 | 344.599985 |  -6.018296 |  2 | 1 | 3 | 1881.621 |   12.297
245932150 | 348.496030 | -11.608434 | 344.884117 |  -6.137190 |  2 | 1 | 3 | 1832.233 |   34.218
245932247 | 348.134980 | -11.603136 | 344.558968 |  -5.993775 |  2 | 1 | 3 | 1888.742 |    7.776
245932257 | 348.252960 | -11.602772 | 344.666044 |  -6.038687 |  2 | 1 | 3 | 1870.117 |   16.062
245932259 | 348.372160 | -11.602682 | 344.774116 |  -6.084343 |  2 | 1 | 3 | 1851.330 |   24.481
245932685 | 348.381440 | -11.583058 | 344.790260 |  -6.069850 |  2 | 1 | 3 | 1848.477 |   21.819
245932768 | 348.149570 | -11.580167 | 344.581232 |  -5.978233 |  2 | 1 | 3 | 1884.820 |    4.919
245932884 | 348.146330 | -11.574312 | 344.580600 |  -5.971602 |  2 | 1 | 3 | 1884.917 |    3.698
245932936 | 348.176100 | -11.571831 | 344.608560 |  -5.980736 |  2 | 1 | 3 | 1880.047 |    5.385
245933022 | 348.312040 | -11.567101 | 344.733642 |  -6.028533 |  2 | 1 | 3 | 1858.281 |   14.207
245933025 | 348.277700 | -11.566989 | 344.702559 |  -6.015254 |  2 | 1 | 3 | 1863.686 |   11.757
245933030 | 348.275730 | -11.566588 | 344.700931 |  -6.014129 |  2 | 1 | 3 | 1863.968 |   11.550
245933111 | 348.217600 | -11.562273 | 344.649940 |  -5.987858 |  2 | 1 | 3 | 1872.827 |    6.704
245933176 | 348.452800 | -11.559260 | 344.864319 |  -6.075351 |  2 | 1 | 3 | 1835.546 |   22.845
245933261 | 348.825380 | -11.554661 | 345.203849 |  -6.214297 |  2 | 1 | 3 | 1776.576 |   48.446
245933418 | 348.758670 | -11.547291 | 345.146291 |  -6.181866 |  2 | 1 | 3 | 1786.543 |   42.479
245933462 | 348.732760 | -11.544641 | 345.123851 |  -6.169467 |  2 | 1 | 3 | 1790.430 |   40.197
245933515 | 348.537020 | -11.541908 | 344.947500 |  -6.091733 |  2 | 1 | 3 | 1821.048 |   25.874
245933560 | 348.755600 | -11.539699 | 345.146504 |  -6.173703 |  2 | 1 | 3 | 1786.483 |   40.979
245933625 | 348.843170 | -11.536285 | 345.227230 |  -6.204239 |  2 | 1 | 3 | 1772.463 |   46.604
245933701 | 348.597380 | -11.532567 | 345.005898 |  -6.106329 |  2 | 1 | 3 | 1810.878 |   28.569
245933705 | 348.430450 | -11.532182 | 344.854731 |  -6.041858 |  2 | 1 | 3 | 1837.144 |   16.682
245933888 | 348.593480 | -11.522320 | 345.006404 |  -6.095405 |  2 | 1 | 3 | 1810.762 |   26.561
245933970 | 348.676900 | -11.518990 | 345.083337 |  -6.124400 |  2 | 1 | 3 | 1797.390 |   31.907
245934066 | 348.266500 | -11.514465 | 344.713088 |  -5.962627 |  2 | 1 | 3 | 1861.732 |    2.069
245934118 | 348.895700 | -11.511813 | 345.284512 |  -6.201939 |  2 | 1 | 3 | 1762.447 |   46.194
245934168 | 348.800480 | -11.509507 | 345.199105 |  -6.163191 |  2 | 1 | 3 | 1777.262 |   39.059
245934227 | 348.493870 | -11.506145 | 344.922483 |  -6.042258 |  2 | 1 | 3 | 1825.300 |   16.768
245934248 | 348.488100 | -11.505170 | 344.917637 |  -6.039145 |  2 | 1 | 3 | 1826.140 |   16.195
245934421 | 348.523040 | -11.496218 | 344.952840 |  -6.044330 |  2 | 1 | 3 | 1819.998 |   17.155
245934486 | 348.912960 | -11.492603 | 345.307745 |  -6.190912 |  2 | 1 | 3 | 1758.355 |   44.173
245934571 | 348.873800 | -11.488548 | 345.273846 |  -6.172116 |  2 | 1 | 3 | 1764.225 |   40.713
245934694 | 348.346950 | -11.483150 | 344.798352 |  -5.964689 |  2 | 1 | 3 | 1846.825 |    2.465
245934982 | 348.602540 | -11.470446 | 345.035073 |  -6.051167 |  2 | 1 | 3 | 1805.636 |   18.429
245935059 | 348.727630 | -11.466409 | 345.150071 |  -6.095536 |  2 | 1 | 3 | 1785.647 |   26.612
245935122 | 348.905270 | -11.463390 | 345.312310 |  -6.161086 |  2 | 1 | 3 | 1757.469 |   38.694
245935420 | 348.554050 | -11.448996 | 344.999568 |  -6.012801 |  2 | 1 | 3 | 1811.747 |   11.361
245935535 | 348.563260 | -11.443340 | 345.010148 |  -6.011137 |  2 | 1 | 3 | 1809.893 |   11.056
245935632 | 348.704200 | -11.438548 | 345.139821 |  -6.060900 |  2 | 1 | 3 | 1787.345 |   20.239
245935840 | 348.656920 | -11.428716 | 345.100832 |  -6.033680 |  2 | 1 | 3 | 1794.090 |   15.222
245935942 | 348.977050 | -11.423833 | 345.393011 |  -6.152331 |  2 | 1 | 3 | 1743.334 |   37.101
245936042 | 348.803250 | -11.418462 | 345.237551 |  -6.080515 |  2 | 1 | 3 | 1770.308 |   23.866
245936111 | 348.599820 | -11.414881 | 345.054515 |  -5.999006 |  2 | 1 | 3 | 1802.101 |    8.830
245936182 | 349.047970 | -11.410507 | 345.462577 |  -6.167378 |  2 | 1 | 3 | 1731.216 |   39.880
245936260 | 348.952150 | -11.406199 | 345.377399 |  -6.126529 |  2 | 1 | 3 | 1745.986 |   32.354
245936578 | 348.627440 | -11.390139 | 345.089313 |  -5.986861 |  2 | 1 | 3 | 1795.981 |    6.600
245936631 | 349.063400 | -11.387953 | 345.485478 |  -6.152579 |  2 | 1 | 3 | 1727.165 |   37.164
245936720 | 348.827180 | -11.383785 | 345.272933 |  -6.057825 |  2 | 1 | 3 | 1764.054 |   19.697
245936776 | 349.053380 | -11.381010 | 345.479136 |  -6.142335 |  2 | 1 | 3 | 1728.242 |   35.280
245936793 | 348.837980 | -11.380209 | 345.284138 |  -6.058691 |  2 | 1 | 3 | 1762.096 |   19.858
245937390 | 348.638150 | -11.350425 | 345.114682 |  -5.954444 |  2 | 1 | 3 | 1791.455 |    0.631
245937414 | 348.933960 | -11.349434 | 345.383318 |  -6.067320 |  2 | 1 | 3 | 1744.770 |   21.464
245937556 | 349.112340 | -11.342399 | 345.547855 |  -6.129535 |  2 | 1 | 3 | 1716.180 |   32.939
245937765 | 348.986020 | -11.332466 | 345.437227 |  -6.071756 |  2 | 1 | 3 | 1735.351 |   22.290
245937809 | 348.896880 | -11.330567 | 345.357141 |  -6.035697 |  2 | 1 | 3 | 1749.255 |   15.639
245937844 | 348.849800 | -11.328685 | 345.315189 |  -6.015848 |  2 | 1 | 3 | 1756.537 |   11.977
245938152 | 348.851400 | -11.313663 | 345.322567 |  -6.002647 |  2 | 1 | 3 | 1755.207 |    9.547
245938214 | 348.944980 | -11.310730 | 345.408591 |  -6.035966 |  2 | 1 | 3 | 1740.252 |   15.697
245938596 | 349.085100 | -11.291329 | 345.543327 |  -6.072078 |  2 | 1 | 3 | 1716.785 |   22.368
245938600 | 348.937560 | -11.291077 | 345.409620 |  -6.015034 |  2 | 1 | 3 | 1740.007 |   11.843
245938707 | 349.065370 | -11.285783 | 345.527624 |  -6.059379 |  2 | 1 | 3 | 1719.492 |   20.027
245938779 | 349.204960 | -11.282415 | 345.655554 |  -6.110061 |  2 | 1 | 3 | 1697.269 |   29.377
245938804 | 348.871430 | -11.280647 | 345.353760 |  -5.979987 |  2 | 1 | 3 | 1749.679 |    5.377
245939138 | 349.039120 | -11.265062 | 345.512000 |  -6.030212 |  2 | 1 | 3 | 1722.133 |   14.655
245939500 | 349.180500 | -11.248319 | 345.646843 |  -6.069281 |  2 | 1 | 3 | 1698.655 |   21.871
245939541 | 348.910100 | -11.245713 | 345.402618 |  -5.962740 |  2 | 1 | 3 | 1741.071 |    2.207
245939811 | 349.289520 | -11.232518 | 345.751970 |  -6.096773 |  2 | 1 | 3 | 1680.345 |   26.949
245940149 | 349.260680 | -11.217874 | 345.731599 |  -6.072189 |  2 | 1 | 3 | 1683.825 |   22.420
245940582 | 349.226780 | -11.197260 | 345.708996 |  -6.040166 |  2 | 1 | 3 | 1687.671 |   16.520
245940811 | 349.233150 | -11.185591 | 345.719385 |  -6.031891 |  2 | 1 | 3 | 1685.822 |   14.997
245941087 | 349.319730 | -11.173430 | 345.802730 |  -6.054090 |  2 | 1 | 3 | 1671.303 |   19.099
245941110 | 349.231900 | -11.172662 | 345.723360 |  -6.019520 |  2 | 1 | 3 | 1685.083 |   12.719
245941221 | 349.348660 | -11.167561 | 345.831294 |  -6.059850 |  2 | 1 | 3 | 1666.320 |   20.165
245941254 | 349.366420 | -11.165520 | 345.848212 |  -6.064823 |  2 | 1 | 3 | 1663.375 |   21.083
245941322 | 349.309140 | -11.162578 | 345.797413 |  -6.040028 |  2 | 1 | 3 | 1672.183 |   16.508
245941606 | 349.154330 | -11.151160 | 345.661485 |  -5.969848 |  2 | 1 | 3 | 1695.750 |    3.556
245941768 | 349.200800 | -11.144054 | 345.706449 |  -5.981224 |  2 | 1 | 3 | 1687.911 |    5.659
245942037 | 349.184450 | -11.131276 | 345.696664 |  -5.963171 |  2 | 1 | 3 | 1689.563 |    2.330
245942058 | 349.225920 | -11.130631 | 345.734541 |  -5.978564 |  2 | 1 | 3 | 1682.979 |    5.173
245942383 | 349.457370 | -11.118022 | 345.949502 |  -6.056239 |  2 | 1 | 3 | 1645.596 |   19.518
245942886 | 349.307950 | -11.098094 | 345.821818 |  -5.980274 |  2 | 1 | 3 | 1667.690 |    5.501
245943620 | 349.331360 | -11.070503 | 345.853961 |  -5.963932 |  2 | 1 | 3 | 1661.995 |    2.492
245943757 | 349.390750 | -11.065729 | 345.909734 |  -5.982453 |  2 | 1 | 3 | 1652.286 |    5.915
245943851 | 349.492920 | -11.062160 | 346.003847 |  -6.018598 |  2 | 1 | 3 | 1635.925 |   12.591
245944073 | 349.546600 | -11.055131 | 346.055333 |  -6.032856 |  2 | 1 | 3 | 1626.955 |   15.226
245945156 | 349.481630 | -11.016000 | 346.011855 |  -5.971799 |  2 | 1 | 3 | 1634.338 |    3.964
245945275 | 349.454300 | -11.012072 | 345.988608 |  -5.957639 |  2 | 1 | 3 | 1638.360 |    1.349
245945345 | 349.450400 | -11.009444 | 345.986108 |  -5.953718 |  2 | 1 | 3 | 1638.783 |    0.625
245945670 | 349.476470 | -10.997140 | 346.014629 |  -5.952467 |  2 | 1 | 3 | 1633.776 |    0.398
245945970 | 349.546020 | -10.987403 | 346.081594 |  -5.970363 |  2 | 1 | 3 | 1622.100 |    3.708
245948952 | 349.766020 | -10.886213 | 346.321288 |  -5.962320 |  2 | 1 | 3 | 1580.001 |    2.253
251456407 | 349.013730 | -11.318633 | 345.467819 |  -6.069703 |  2 | 1 | 3 | 1729.992 |   21.917
251813770 | 347.888460 | -11.667505 | 344.310224 |  -5.958549 |  2 | 1 | 3 | 1932.159 |    1.242
251813843 | 348.254120 | -11.703504 | 344.627419 |  -6.131817 |  2 | 1 | 3 | 1877.056 |   33.178
251816599 | 348.279020 | -11.809766 | 344.608108 |  -6.239135 |  2 | 1 | 3 | 1880.642 |   52.877
251816601 | 347.835200 | -11.809115 | 344.206284 |  -6.068493 |  2 | 1 | 3 | 1950.487 |   21.451
251816651 | 349.426700 | -11.090670 | 345.932492 |  -6.019256 |  2 | 1 | 3 | 1648.436 |   12.702
